 S1                    410011E1     0  0.0     0 0  0.0        0.0         0.0     0.0   1235959
 S1                    410021E1     0  0.0     0 0  0.0       20.0         0.0     0.0   1235959
 S1                    410031E1     0  0.0     0 0  0.0       40.0         0.0     0.0   1235959
 S1                    410041E1     0  0.0     0 0  0.0       60.0         0.0     0.0   1235959
 S1                    410051E1     0  0.0     0 0  0.0       80.0         0.0     0.0   1235959
 S1                    410061E1     0  0.0     0 0  0.0      100.0         0.0     0.0   1235959
 S1                    410071E1     0  0.0     0 0  0.0      120.0         0.0     0.0   1235959
 S1                    410081E1     0  0.0     0 0  0.0      140.0         0.0     0.0   1235959
 S1                    410091E1     0  0.0     0 0  0.0      160.0         0.0     0.0   1235959
 S1                    410101E1     0  0.0     0 0  0.0      180.0         0.0     0.0   1235959
 S1                    410111E1     0  0.0     0 0  0.0      200.0         0.0     0.0   1235959
 S1                    410121E1     0  0.0     0 0  0.0      220.0         0.0     0.0   1235959
 S1                    410131E1     0  0.0     0 0  0.0      240.0         0.0     0.0   1235959
 S1                    410141E1     0  0.0     0 0  0.0      260.0         0.0     0.0   1235959
 S1                    410151E1     0  0.0     0 0  0.0      280.0         0.0     0.0   1235959
 S1                    410161E1     0  0.0     0 0  0.0      300.0         0.0     0.0   1235959
 S1                    410171E1     0  0.0     0 0  0.0      320.0         0.0     0.0   1235959
 S1                    410181E1     0  0.0     0 0  0.0      340.0         0.0     0.0   1235959
 S1                    410191E1     0  0.0     0 0  0.0      360.0         0.0     0.0   1235959
 S1                    410201E1     0  0.0     0 0  0.0      380.0         0.0     0.0   1235959
 S1                    410211E1     0  0.0     0 0  0.0      400.0         0.0     0.0   1235959