 X0         0111                   410011     30   17011                     2030      21701
 X0         0111                   410021     30   17011                     2031      21711
 X0         0111                   410031     30   17011                     2032      21721
 X0         0111                   410041     30   17011                     2033      21731
 X0         0111                   410051     30   17011                     2034      21741
 X0         0111                   410061     30   17011                     2035      21751
 X0         0111                   410071     30   17011                     2036      21761
 X0         0111                   410081     30   17011                     2037      21771
 X0         0111                   410091     30   17011                     2038      21781
 X0         0111                   410101     30   17011                     2039      21791
 X0         0111                   410111     30   17011                     2040      21801
 X0         0111                   410121     30   17011                     2041      21811
 X0         0111                   410131     30   17011                     2042      21821
 X0         0111                   410141     30   17011                     2043      21831
 X0         0111                   410151     30   17011                     2044      21841
 X0         0111                   410161     30   17011                     2045      21851
 X0         0111                   410171     30   17011                     2046      21861
 X0         0111                   410181     30   17011                     2047      21871
 X0         0111                   410191     30   17011                     2048      21881
 X0         0111                   410201     30   17011                     2049      21891
 X0         0111                   410211     30   17011                     2050      21901